25357105433872742710589489709628334258463911176442692094902820123108238075481113337191770744952729102516739549
335599374440076207450037936917120580084234036203468655523185335718215968748296130903070833595804973381980357
153864654104417828671494596067607169414382263979227149815842235371048858045361864407973240599543185928421280768
168514468713367147514402112403391786620894881085899768574594037132651642366042538583090163250447051673700315625
210037062886777583934098904821114949263597805436341435486608845627444799030504095674070469250709234252364600501
210038149225782626786351753227744211539607152844896158285559393081559459882045741535380868272283923165380081551
161059418824967457011734413346981867234536604441849218616145867820630725218284446588135747622936009085835416576
105107040712775619308673177337490518645767631933363472128653772082055462856135968747037384425039522168865554432
85877829171798525871917079664350292607728224002026773302072268968750274727424675922349521614772388097762815625
201144901287070389319824917040563650599490562118492215772051551734527385384989251424826529967164686541105100000
115929208312125068290016293486620155677792426553038277550101166817985790058592274007418533282091019996512815625
210038149225782771638792989868396042982465848363590780281818068328786041329521893947452633929645697583567600501
100001600060241227789828807971841296032473559157992928732810382623457553462547325320747974855216390996001554432
105106468355522830615397610081205176710877527575957881324540162224731564569545925826831797035634210959643739549
168513406023105214482852634382117887289482268555028038040377764745000549267758408525347171800575702713768100501
153870300587812910981070746596587254861560689509100690803425095701499620124139944987377907186964949368865554432
127634841734619811342004433869094686948447860098518635606090305794987569314062742629409914097505250010000000000
127634233968124095588251303731216369297249372570862329580760641247866645502809795726102992906318144137483416576
335605666790040236971451527132301317095546586181125260481587057852621902161302769000228600640282397029280768
85877740641559241741507821061491276857407920147921392557211123065344399459792960981406561893530336603367100501
335597277039021728527028360585699806376643181485025101671685272697534981568510440396817482401600010000000000
168514013333993084131976693519505115630970094456625519927652342915583420086287479548120851913580336603367100501
335601471793932749249616234221573528333065344970364100820928099385490740695601963769330959153940131105100000
85874819090779548304325485643455443664473922324212565534738475731464057339842761654770456377780894996512815625
184253056477220335704350953198461641675594186415690947205344619777984412304711544239411382365939326517281554432
44373558977240607321835246923956199909125635174229050665592617084459089533128376855470276653016493721105100000
127634780916050851150932326095724251229756239659170047295444414804711981077026312001881898400904850010000000000
335601471835881871382754567756271823033190033457411871606870861302902708766702176266026254498716547137815625
153864654117122141774805966478467270813370364249871367864040057940379245514316708215533806402579493721105100000
127634051630482248486332336971149627486187822499332977489426392104102514261085486600954283962138647068705554432
184253056483743062797889298814390155066230896923160020001054602534129431320271721533338724697800764293153554432
161059126003184162174519265296808268765888320307899962540932210582148150142331902426908310236967494388182145824
219254173196196835669589477210066629314465824629222380191601177598456875567186500204492203358519271704883200000
105106936638269199779260492104119008862790566265269129228945207087955890299087287188553243359083829077643416576
85878537437589334748082967271010724579308505751442374275320025457511171467872991118021414659585725771105100000
335605666748095047572511038936688895978928735149478169898583319359907382995849336883729831509685189761340257
153869383024242296600832416575197823656697110632318118546560789461162876076620196658746065087588058397029280768
85877740641559241741684886779037083082230459505539643825841061227033880575199738641612351446312347148387815625
201138517271771136053170856431240769957179237506702818514404708203893952243800565066453029769977307302926071875
127630101142962803605348976663425254185278989111107507722755849928664110141342969212498389943346851217441554432
85878183304109806719510124930721797772362160520593768839114379861900517149501563563060704873471012434660980357
127634963249663572605583304760958149215636924549063892009319947285369829362769966189016644958519271704883200000
335597276939394431440054458151941681590224948790172901728499384811104476641037405587297417354219413125900499
168514089238963264466728119777115401171890108139793587957810239427464942154074115904965294877105550010000000000
168508244511806776203807058411185013237610578184888895647583962012341566616457780477666393495662725771105100000
201144551485531669281570167939091459919854586282298542500736062162217023172650178878761117798288686321525840257
210038330292527995265435374080855901445698135711020346590172815337060611099811744660336655240484176038438480357
127635145583484624604522075080383975389090274988902602113790095923212246573979463980091543263373713674892980357
210043309676968576706103541732233658665709952631790497531038978140885636366761496248155548093524752660094145824
219255485029879945788130742057118466176578863207598578608525510352185320083854537406593717407401600010000000000
168514013333993084126739146768210995121303814896826048644678739954909067413128639896142046215444949368865554432
127634841693898700290913555300421563345771364132883122739193361946955095669628827261251518290431752653367100501
176243137642405082621506504997031366307943500813542071264956937828692788031251577141203354079173997801362100501
161058320707041783250775458353329812719940660992187015284238126937645715075397214506951235541787034648387815625
210037062894020230341877182430878207679961362455142109676988699131701761702907758570328694665314361671713554432
228786536203706949705158405195983397584447359814335985441896355647981356026610535086426340836275598705879416832
210042947612783442729704372860563664452733445764737475364527506411181186496749141477741713078868430553121554432
228785566779993730365467625511531186934775098015592934309597819568066106519174528886232399219122600277643416576
335597277033782538714864992346478800952363734336702148885622478272240274155451683638770036681361733567600501
335596228274267231417120595820981728872532501789173266777661376451339122643416662611149876392127455077280768
219255016475568162954859422598674935354542465799656796210438030367021574137353911519575317331874855968900581551
146940358626490456674994868856744048404637862345360637976680223825700084210837756422867030096363572953121554432
105107092701149004107458638072540643615794501447732518801802795497169676069994022302942964927694675646695480357
115933316526316935918370143726561469531612008819755732179140941423494109277502065631423844237338275217441554432
161059565246268082389167483404769071667332856276403701029233649923627785106668404259925688831509685189761340257
335603044875198327276666374714501715124037017184313666538459179061023695451789081525796014976909648387815625
85878537442901358980429861869702931730183792287775018425127725974158569402022108670377063899571238415197962976
335580498061323176671141831271463601949127750769196785606580936445633319657292072752970691100567100359600501
176243295000804010006779387874348590915557019321182677065585564323598118760616680179400861304740342836190145824
335604618004311047803603280236391499212295914632082965903605711390742167077957400537956938479782537483416576
335602520524607660644451831370285165976338712979102315168905536474868996995734431733617178060130457996840257
105106156151302167712405641814457902670004743041315672082917384629406140532737208855162180780058275217441554432
95104624663280723778597574073277657368000793946085934241657553256055728560441728342190714162505250010000000000
85878537434048016241386785661925823307434378137212500439497216854709329517770127612702109909018275217441554432
161059125999523149482818027400149559419007585269570952984042661803115555708862670721492876682902792848599416832
192550832240105520089239065187653090900509923306688252344803071883156422041144569007719710309178308280560100501
161059491991313041677287977206639690950533587399839671159682113956505324777975717743282899311021773430113571875
219255110252141840433102427259657819152570784081757486177584176827561556772268701653701010919286369822762815625
161053342646104129504035984336680384110840764054527650507277600586220448850949777744854701243469750875109280768
176241800046264891412483681500071097137198983899546865875845884492740513312876116874389861197107180784660980357
127630101139316155318541652874329420114137213170457886048231440165215272436921622429961404639236172415056808032
127634173183214470428576706383787036451409252494119640828233684289441791141198234638881723694576486055969554432
100005050159513858380724889939548027719315050736672634281764514859987724925618862921904720559723655668062145824
219255110252141840433477218796199618967008792702842339704513830502403844814776631895329980558920561945962239549
168514013331715821577607313749507772392445316125461956200258341302886740620216386350232080456882600277643416576
335595179596026815368435875230780319959671700404100184972054867921586121414213116934671537481768818838739549
335599374377149037254263042700162347383033454656382483633151325661795837430616183543338264011492376926100501
201145863218887177921578221217911776398795891642930093818831427401171608582938445094901207949013417389761340257
90397198991831486556514098301868475383236439771260194896216838206598200966798447754340486433299973567804739549
205962976
