49968269257779097244941614647759481894011197377215787266441242120131493385145279196204274287709678549496903641111927600402449158034750519269488987781619112823248563542821789107653863065075025093237926439060054082383661288301911546607884056977825805754650831551362605505031406191901687676237088947470890428953
65161974490823387794863240238109307106987743245909769675423704190174145447405790302398960084890553214929087071875653010911378530742475163719787645399599862232466443645371716516277061262307688573859909600326356324682828284932241493981868100884357591107351590255239091236066847038702096657896113198901659710159
24341080611648665248938347235057316306409114837104707850795565950881546346933152805708216486310169883767732255019076700509219610791686262963795971213984797289900675665949566137927948767523332613336382640957586421250416215436061316343291435337557626449120073815517872507209235884006953455478943605090000412281
9365973395551784859127236554440086257328425094919448810338465078518287965430128818912557458785844313719410170284244013319335689701616625337985896145442994084893141366400020554147661632893405992741519664843780614684497319981009322667869716356422328998863230409906158950026789544176677755556449213869804216792
4008026696061474054532686914524984175204281346255385138118897162524899014671983399816945662439291231828032355159559346488578238617373053095959064953646651836163555154217029146279301070994394989275576447440849375063576371291015811687553951673161344276723346398753429994514994640944385469191207169384193527562
53401501493331298465582508882076692138216569744155854809057177821898355289543545652279253338748633769857013838102971747390683467322288404928135939016342765410470300129260961663637121599247476971369205915953216414127402791225668860228208119730615286507457392165924992119327069610731015000958834480815310227093
17742728555575368344024233305524413226058085844913874040706015867892544992724713768052122469719723075804290643571283840237091369281256753487187786988312917971707111531233164571020102432402856890004612636944819606501534089404761435416934228954684228793838737294129389466768185274383809265797444226964079640716
6331927680604256452267489769857852891702172710775912921348560800301750674157699280427257662625570185508062176084477855927725312823156268725716450557393205622260908549131329655623130054216197633709441305331074536123288463684602906877618141335542144187993762503484110794683176547707832566836140011198524732894
56323012006662451934767451223322199560406376370383858383628429698834252432253281251810465957764777206846712915977358161735772371738391362416795998284954049040311704651444395001677575781875452860805259548272287555737809475921664996134339456732188010821226510134194687628212417671487535579730128580628940906405
28475384689357257071631047887263120492279035240841808348226130271523069883600213981527145516326917386718832087031687569355660634835460712190281160655266048295700230850668925890786736268531537780169677787264159175383942922916823320772034431012263927790972522658562223293180248351532387904637364609598952666034
54878420222274702289924273790953135665474031909424384830394024111025750442450790526150461575646485711085132235670929359789369227279871194356682413430495189180192941208170577654692468067611788920902131226537173628373551291738334381582475494217334012223377200164936299062855172010627768356675326329580020177230
24391692556654529394449016099825482657767247987872494283380217644082191894310776011563758789869834199853996234690741118623556880988129535105817809284146447718387530445897192228585030905790894974189805399543629407022642702970256848159754051469635865304440294312118513846966153949180741902084498848474125653564
32551055997938770594607609414839784485698352439007716476207832816120403584002549515849466889549506166094748609852161166980077120706033333024751634653609064460483211960088629609232337183865076432646577651719897398004143876030178800328288448738045944335230974662735358841997862630786013170681920148095666162882
24969563690959875975345951742346615188833182933636836606355933738456154484919661795606764874249825704620190272863605380373115978442476814018514291674729011889819968642186320263791921436971205949075727348234528667378787476658530102978086608337491501471560530776206852008790933477924850832683295411053316865117
33483947610838058325223263451930247491331278442889403424492294810011559061005434239406452852685307527371387052618290578654298110331330205901936448196449865452308349605452276885611893989823412117255152080447125232890480441515907955827398661829484191226152291318949289766766600245677953219547791483407626775334
18688684327778071712871606289261430980992444164554450072351671675969873433867727111824804371710425737714770433096396322883085116948511155389298620973605541588144392615377783631883906968949150006814615363017263526695523150249125660923737026787549069035674687318839603036971181653887354262613549910403509984873
13831092134787949080464127988275348180705299342981053905546012721589691223336663052750430223390262264804442130076369337265053368656461410154041429384823144610912651486259932168376608943209541083201162674734628799220849605967967319693066457157884313092561152436856003873999053389610575242578633059032263702674
19618468990544746722617496643019912559830075904866649457599078800969095999226134137799026844019523600942625070096279542587061989624115257109085036590981929480184034766585545749518922986838553947754672550897298624043572364481084517436202917826587780641423555407981893706058093763188908642871439712838709496604
52770179503146765236259118387157014813369314377145020968631603227545171371704203569077951403162961949592613474490724038866694085472459350988039302494737524433267076256027850489798220018834225193107156786820988549622370930500880453177882589015142216679641220150522113562209335593561155134620870753468990310
13059164990904535381939186890625711077424334818913450422508757069424877298817436053013381384506505955980875647747961772861736231634430198841569192961427184076093564734412846463440790165850140433858129671724275843369600176854365422753389005632797515200742469994083549733648152427924161951112508650670237147867
55056464641539070207361002579009975050633491166524550538989662721803848433200026686732107386699032699275658423467989300036151721684917549195395179058012700713792480249284232939781441765134350663300157860591530769006698686922939306440428297528335065873019516997325940920752733114268909745877808381557138010202
51104825826290016725426865247251738756824072908963480728897460350577624629525440580649101571342288792269220040305443289507341235951550281503210494501020333187620278547845848584564156093127144194954935157799902122281363765286030317168345492603806219490041889995339351456594148165952077037437414353480917829608
44445266718486133524067269184197143412962157792209997094902811752500895611440641122003194820916829195909779063609569084828090388253559272595087422680660619073811908502423630083245488221815492923704665209850236479632281986855269449743731616047689819798528084419818480761113670343811410686016203603227857446652
65790508051211293146491238037727910518592660373539826227217054859100530431439468531270231933125426272000690439299785309939708433230780326867413872577658351454394477587642648590670215496669444421252373365252908905190266946436158589488893843561269088820198313382110534329109764955637433407473690805679343392689
68908310245486630524710251021466679356723062460324351606217716756029913606368314358623367277845695053080186300327195446610606644099792862084880405255717366022548182353106071582058798692955635901207569979346740477643970456317406329155849347836193146662430536024787218609134455251985358992032828968780831899284
73096459505701341782993006850171681386893391128181034474356709621411380173197259874190545255843886694756371310484358377993806821983528874717188039622296272551272478036845826887227861514677532439618701996752319430047924498579118373440051239491471626283809424491332436195768256100026545562208341210484107877083
10187795544333469266066197482286779180330828383693146326037007569554003388990296953281354858995454693549570995704575383934087596443728132368106796517400398845452177392083008562990891833776920584794703712922207408769765752720579429060716477892947775233420620938840341870669165223343183526669136997619766914742
44193855836764843026888128331695004280296657603880408064030105938767376667254146620012344388306830563211196497083559445180890287738754952752546021327533843087051615126895554734918960800864199935223270661756310572070187436247681502105102221845125739053838147710144415360173778366133589069985557740266874714587
7241243508661534566546503500526867021234925308846646896959548892141600993054606893335470212989950336273197600565094622791268640959421387507004425308606191506200928338092137064353886904426081898725945220627411005406293163304582439199488056928656715286610568502681480875611726630304664621980433929889095090283
43400556800538870493141962656730361788486376858914866984945470308638344499843783322059498509815389181775125334135103397552983737413906465170341741404961541861578062299791897247695564899512916384405596784351679847471002635433870819495748370379588410762985083503216882745753074402092231292913748148299567121030
44012739965517393849600881136841541534052721284158889234646940029949094346037588340577716308032960714978597661173476193804557378494404406053176874599069380607343514518151083730137387723088405968621230269424390149227505486963878435250559452212249934141374504173580894106722540953067053341205540341427904181276
18230072003290292588948242988905996299765381364540525645157905536365194153662550394527299597184333765304971983019218121479950566644935496494053819712416650653642696845132538652421646975852132004345874581714737961347666518356850771989076403575108139943000810009488565130189479587409544467836906528453407657647
71364254717715515374944140715417838611695958494393664673486077135669938813243951183932500571286121699930034771083114094535077920054093762405664767721838905791455977615473538314308239654475772263240116286389747735471388789970103266250131199392208392725164827721139378032926058888715201097718005609261490297609
20904231661956516490820407031401646158509743420932875356270169154333977329861865388248995432408766381913820848018562785727344996873617565586347674163513211235432423010309513524230120014339690921604932340978142886483355463406052657722076977435528548143348872388825094880635689118192496039191083157101061427332
1405566135659443758778567425200154121235960791245301404940208946197271201641896236741239379038716014334264980717807973844612183235286955541586485055794086192260217937896228676224040940522344257487931830568025390533090017912644292754408448019021997542610112133829191418042673730224652946294410444417945892888
11813406661857941246336267587637948528437700754193375259510317517274339571508191756531645203982713549361529745855653191912319958700969811398808170030886816519724488487544850532180464259657137183867711388146289830169123878334358966040956574764481677486721598940235221215640716822510923314304602038250448619087
49720486017897478907138795293467972234508565561404001905427594615977909465634870987683198204589077046127107354628917547036383278939901812770459633732601366775511426626078085031943014845331990137681975569070176210606220394626192433822008233532711139105559297234503749966827726267425451987113216362341968821749
13258206022164237448022556048108612678035632673715045991453507935287235003493590605977978052097975458480877895357956938955349006156359943453547189821920808567434176704165527929666811751710948300885230249087426090937742241041307443440227921907720819150923179724121378601177720920093238001285172818268165026824
21424517011457892981481354015101855390012373274189570671315117528468554246110700724756475034934206292063122174899391290054470377344257272050210560811821324729028818033434945544075005090328879576964619850171262407604183116386623220474138483863410002060271493888646477800328372299738714001798464533125050144820
15335186252418365040418882080216651222100428827524860408813987857226830664951447086466234305489074719325749212246833736172498849585035054652648466833638359526643756494475242440224601560486652661592630426552584555204457783795313811193438436873107626328751502379955065735111808252514112239530714497067725606271
57496373695164269401352511731165983174155064494336945851546622715655609266483570228614517556323695317989838382243912831562178971118505482090025035908435151704135400504253778279594401580790003006465964498935969796590056722584628579647521250607365698964777897710611636239894280275533387233680475814122233487315
71934960204915988222618231039672055590696783511023225123146779410242038891838982490740994770686270804618842082353910481999700011021364737293369115053631127496664222157878151840603506782939904542684366185781754456447063193555149135011000207721992918743797956584657806249551341609978232212420666427659981042852
28006338846144344955116794168991140730990677913758030633718794145964985110576039720329162645024209248634888758658728860881380907106908522595054645882025056971531631367266626087620586312780167030727787868280066151780338756903112399995998409506986924913366324676556938446930384756575716895566338937174077301031
59718362540020840860177013252469628437408141818366237952690549685400009087067249311635576453817250450584243182475343306523443760645475312344634077553893379435592532249275822664975396294465227703873709958599120805692465098154914734601724816998935815549179882087351296260412398363964543685238381266491904074432
2422107572493764869977403272499916409699416936641697395759781411421672697482874493170668590525757279446386089029229402133354779346515470514989562221494365783361246289827240816580364269918761777301064022130643515409305270009803096825442866976034611623526574061988487014023672204503270286948505809773753956766
24666968464583898789929623486013632382538534962368200416168334592114053620473178607994773695071571825790805837017547901035403786214508287240742387837470558948130855474552147658146463303153737273301234576971240728836572189247130889310394841465565577380827361278145208341636080979814135957428320135509261126618
53097911993185105915655778919070217363292882451765600062610372246128642873279548918977256322693055673054995511931975946106305129026004508122700647053243842320309577101326523241821245230171591068502599616996301575524797963170632283957001375282774968512759489321816045466918277730785675855603401668899929776796
63173134209660128274039478583228373712072423701881411847465530986708260595538224014743381360855125340482934934033332728881805062816449776414891772125297314823903371140599424754028109614513043609438973442914724843281168352407523644510829527664014623603029625423426943340186056140061265594926189312220890737317
72628543944560308728832930155243882751091916432249738503230428293753245735411992599143725521177609241591831009325344440846171804161628953450289476590689704452842109264409779141161356149394149892041244688718872021803186185682002107313713572087600704519877676838915189800233290736966685473974662216608263841577
39756323040648437522907460519310226359089566348914311384802180299362062842530413542846804637591020344030550857272400328719232389150135083018457684949608269068320339410545436340701085005185397093316024477963888327207784476596993183098310725601006965595481613762765592829422096732196077520966594718058587351412
52345407471106834957836847882025768555182985338295519671500899762935784099561772217132334151369415926951159333232080040106798997110151890853060556122030097066489629711947573272476723816040233026427226034905748216455137713976204442833778903563115246132093411422446140062555212266967977881461722152722071129825
71535917167975290113666466657440782789717798802000703757807110582439980094166501808082233765916577565374786844057060609825875741453391999311598831480037302628591176475225561152334562185608713584119910251872562150342940288322714899728736027594209685717917996323947917434700599432262528832480388195202765262538
1845731700826538634906378223940578169671135915089122124159801470505116153717910103395797165539440370936049110920620141246742918091221159071731064530820333374295779877194804323406222889529939277260901898971796040998588835923757507467997276846963407643621227028129795918350095151455071969862468891580216561426
17674662167620767077024395163308009087421461389023571947155615409619627685707751977116055301778234385733748154693374356441937500304451000570567891753797755282036993922018387858109952790425729149927497031569664177429392129408367082085264284060934105273180042287810841423518607053039795225205821357343928741840
50392640996380242133237039093984049053863176170724340260996916010253067178002647064204624272610635308927534540472057830835723010522222643454166428126430245667272880272593179284996698579329752002423372371331307318988058227169028985735276397593096246908939894765126399928993142085764137014893708934114662568691
35029968152329229861472551345431765759123325549579851247008376768358828316105251441840430961840659145107401518839048047635498455623655423687800603937723987958060477545422583490772571290167431972013391282069875679650753731293535175577719319017714041481089724264321487408818729759192335567125536351955401179224
14815027726851561080028564553798502648167160719261347439859087427134647371722730792867103806078889911450878493696797610068043178617595810383169564766682623283540674915155727471779046553281861663806080544292527285484798416984881131074290215364718983623476852175266173955849987247587794133706764051037828113074
48817767130340335567708932187702772596342772983600096534447152180246752901458159879023038470460277398648913698579838782378921840026960477497097538613178286102130762871918667696575976078922974105295232949490471022468713476735068944257695869920462122615569609136523316066856189642451897577957574863617357003195
22626531513628392508283590728084415451181975194483053670291416032459767349100304383188526043483183319285885369637570983495728887260575880910667116352033163261203797475431028186958790007418720855252659014641907950656016731879331656563143886002292077834838276445378594268354035544118371004256009785708431143492
31032224430601057214347240092553333719432056737653073432044217909163081195905437527241047411677980615332261335427962062694018628803240985098207350779304228122243387083691124838731889369681537279851927601187270079444683391604798607260360530521588119012569663674359516458753510729297350970103312786827618041573
66525532720283013538765713501489330697939317955640116968935416090459041971022130476871914684533318924084055129746006185558828575411709763616519396951847731492754722997421291958412731268225444055718752950356853918614974858393336683180188760328833718926837256149886004221721023950157545738058734459961697838380
55463154618409290521643383896731925984841544724860431192540331865393738134594549019055580244136365181611497515916044124976466103810440734458219289835457815037020094703749942220964239369307422128304731542277016534434985545367626000266826025958411470389035787356524466230926056293077872302730855523925112855070
13591996940334606660346133358503943319911761384641975583351409396324727745751031636666312863723864955767779962844518760549951228960601224901868553463614748398296825036929896289925422570069371028214207027610849615485281522116163336172568841736389707096105512214217923015239527731158685520054661806927820694666
47061037770704001967562565493060668687988106925762217519517080254723522535295487686133694653897173158683829513004195879847002940355915112463735240651311546597155343596101253718349064202621834352221916210876132248996874448702283428792059127106435908885435288479172288003337559223120048817391269331862920764503
7385288073275651429269595695682462079117366467112209481585264794984644496334664059010955603348150571241917861809093273348227679562871899314221853178986012397501797584447663517614665730298924731193579225191692467260920335590160547158771293702770786988300585761040083181382028022744787115190039089960181393385
7966809705446426803252036472137419816909504985745626459240175935091577760489772327149275392038595022338006602767537524921277209317482086085267999989304410170521320744383726619194423550072515056257407640647047431837684728864770859120857328611268463251342440464042921066544311964403897454595771363266120956565
5708096022594485474474725294634692900996475634481004137080866878591895229011679465692994668407599713362598116542750381892580438028144195559552559049987063778307166474797707831423222003800516178071466477032587711701523173041273444561236321888176826609776905907505057951857555331532248708817397934193890575825
6434359273252756743429314516268076375225256163312380221948015705530731856055524945385798496302323729664952555050951791892509174789503209352302701774278631437393529368545926866776281386371778248466364534446937847108275470772119044700379292322474897778953728901481207404324977566698361554438147202291543243166
19178166607837274619568926679768910674023109198797751481270792191887539874336722552685568407752451423984596196278005289229867422780022164213224598048731530887670640888599168385683576068707911887546800440530272661935090495493636340951778176585704204943657314015447966479878314780532989393194825400585052669661
11147067048296180429209190911757458014551896489698330145741083395176372819896921397532197646609351261076805108024100160746785484503618714801405556430881490368065751836443757643926816171280929290033671921073231278473230433025211053464522894150169618290095766137288714922279354002455625675137223932464245998031
52540238804363568176678545297818494443775628008358106192954743591909296777162042068357393977702116038802345671713993727447529736061510298264905350133425146139671334737567973745096328977490463693939126384421510872065224236422290287373015141892032300374771911142807729041665799402269228747458347658447167973326
33773713192632546537000220408459778309781692284201517193966171704250819945747899111874829335509121624924279842990724462023611040290696931805159421702313593716628530600239211908566526668800270701378300828407747744331940675875455681898608965165219597754346155038267810960810444057751646376242217394266281328191
46306631222653839861652179995411599534367861030204936678353349802503264400088053166378522696857432504420952319791632015563581119854329409123919677786112163304420437250820656491301012466806906313713827592014814559253307395371132831045315404965395815924833624828582728323386184149978567482188819561935644593020
54062371396370362281900166103326372151943423714272111204911917902365475870783512736546690676660333419054748932701596085941732492312967352692079495810445488212743085091635147879834044641113689897241900183934050476586293366833645774493173408027776004941859967428333169765477829781705229716916351705553186167901
18036051302016951650780747996507847571719564160796054818544114948975587548598753205775123944902795358721204595604723291717889877513363014770563915136842457903384928415178115245541606216356600375603988820028211988922560286122747567360592309766335045262042147202074345114121419415134583322975425968319673647725
68210706232343686946557729666945942368586783285840784535468121996376955282284086530397671068965666558042520871602750524300991519463426868406718318252131593555001260169748722242406146530589500889470438668358740917188008585918448177129807119575648233467148316931069515325549063595870974362312630066203193656547
57491035614555501519071039139360350408852956337676321087042480373289767673198476181825237934390058186912073234907432915648361342139646273378668436692223167842118435769424816313584523786601174566123825571599369660423436228393495201671020971094442296799375904145331309324816838925132828280842292006915808321252
54948524110535490702811167871404358897262134495848179704833897011018681641508129276977426437924296917024096342191443451550534494715983119054182101346543276636075750646170116636224794953584158513566738241389213120026369600582651102583391943487149364467015665053773147078513541779862140792592384505898458738374
45001748242303487644608198231714044704760473861037842472558473305869010855757171966318231411084950021786787257065615066499872589170143039052154567737070789048516370680541750085279579910076197191174133043856558660621493422824521596081999744381939181998709221519472539493939278645429482792219706557793673077688
14418310732501616531181752610364017688135988147960332078460939229432795723045245578190195557286959600032335838896807397189379974740238899523792296714872581110836305184714273326482443030275928907548991114818821710901950616835666265886751885504578489583672128688373477700815014509304217607861974207354275924889
73480384227363983591364287977591453785674757972524785159930744378748324059764865923025260661413873795824015237588950273581423353294658618863108265529718333231657904528133906175842993833555673978968238872116983306547384490768381351495707583243164827752655242461589527639296197054611986878670832003942448965020
65155956474721215116839380338791209841572871624438588083330420049096059986719157723912463478048426985074239891160951804290515204536698870946434169342331244386820952392559227108148572921504031257583088734674914144618724216724890394933752195911654660292120051200754552868301020085252105270622228868641836094855
72896116092809182661772836928956655746417890031273135356032336493977820324552425517355409789756034241799948843524766195785602485757897470671402193202913475648359714096069277524258606922581070981504829324150487344385181341894088591497727772996988391289805397097925077189772151404436015917716407660287385831731
39407293311487318467238703461132432850651280836316164928011643150998893030989681235821796051562637563088968754515204297321151532855928310200269884892443364351360842710259258605513286922115700992102854871165594444404282178996647504724636274490593471818911621162559073743895418165878192954900064166984061837549
55765540383327313272457936043549040900023540766538418277083501878095049031413382379557152462918896572838130855822121112272965133047059112857019843945976759528491013784707396480234647212622741345669614370248163161191466463383436948095217651830177933876932680616697333908619586516936131021224912702094018809574
33012630916654818487092849344855837320122844468254950448469291453990951682770552871776364656456701299831038061050493227142386513569230857713290700651350738817112352998330244133753365094674714639692398913581458451143943479089355727470673109523857770708851173148070407417094831359022915889728239984861411382814
17368182162826067146936152206616964015128353909486354759131152283741819550811790455945372048230457200848920568436936579685905372092572572708084033048151859527341655065624851094498940225130684144837536111242318098310264097841363288953044560146241905401344419938045110145971796187592576166785715624168837206478
11176061470635211356252351028032561407684354818669826568419517651432498877967740659791840709029144702259880828922617526769940388284998122792519102139415548625631909005068030299695101124865168299575065971927853034351574778577285932475663597017332026253508170092169582548462829674343398442943311749968291940893
9462687496188577942629201194632799037364279456511454429623380659797594815325172452878154858670516010722860911633888279995684901190472596548165954317494583252873915692031917844853855742509803090631247316894765122060615151126601977686719917869878404592220079520209675000948242422585208607508792514308168282610
13059164990904535381939186890625711077424334818913450422508757069424877298817436053013381384506505955980875647747961772861736231634430198841569192961427184076093564734412846463440790165850140433858129671724275843369600176854365422753389005632797515200742469994083549733648152427924161951112508650670237147867
17878779029352521087804420701106352248870957918748842313795392095044148806009009180939839284199465221568730341677714803000435847565242433070291607735452168265201623548674801028061375807795554643243214253303180948717236999511319403584741547934995222560301041014502811732116626600650540705590019281733954488625
